row.names,Pop,i,A,LF,LG,SF,SG,CEC,CO3Ca,CS,pH,CdS,CrS,CuS,FeS,MnS,NiS,PbS,ZnS,CdD,CuD,PbD,ZnD,CdN,CuN,ZnN,CdB,CrB,CuB,FeB,MgB,MnB,NiB,PbB,ZnB
Chg1,g, 1,2.727853,2.791165,2.595255, 3.314186 , 3.314186  ,2.197225,-6.907755, 0.5653138  ,1.791759,-1.07881    ,4.089332,3.387774, 1.054312  ,6.678342,3.404525,3.310543,4.677491,-2.024953 , 0.7687184 , 0.5573275  , 0.7070501 ,2.804572 ,3.607127,5.675726,-2.476938,-0.8818893,1.536867 ,3.391147, 0.10436    ,3.960813,-0.7174399  ,-6.907755 ,3.321432
Chg2,g, 2,2.867899,2.74084 ,2.459589, 3.261935 , 3.370738  ,2.054124,-6.907755, 0.2851789  ,1.88707 ,-1.139434   ,4.025352,2.980619, 1.029619  ,6.905753,3.411148,3.718438,4.852811,-2.343407 , 0.2761154 , 0.8858315  , 0.1301507 ,1.729884 ,3.244933,3.836653,-2.918771,-1.07881  ,1.401183 ,3.261935, 0.07696104 ,3.427515,-0.9314044  ,-6.907755 ,3.049273
Chg3,g, 3,2.980619,2.815409,2.541602, 3.273364 , 3.198673  ,2.197225,-6.907755, 0.6097656  ,1.722767,-1.108663   ,4.058717,3.058707, 1.026042  ,6.933423,3.178054,4.157319,4.903792,-1.958995 , 0.7109871 , 1.535791   , 0.493476  ,3.43431  ,3.514526,6.195935,-2.476938,-0.298406 ,1.673351 ,3.353407,-0.08338161 ,3.775057,-0.6217572  ,-6.907755 ,3.165475
Chg4,g, 4,2.960105,3.010621,2.753661, 3.00072  , 3.202746  ,2.397895,-6.907755, 0.5709795  ,1.824549,-0.8915981  ,4.399375,3.637586, 1.515127  ,7.268223,3.693867,5.386328,5.251226,-2.145581 , 0.3804891 , 2.800933   , 0.7884574 ,2.612273 ,3.411148,5.228163,-1.903809, 0.5822156,1.979621 ,3.499533, 0.01980263 ,3.815512,-0.9755101  ,-2.385858 ,3.131137
Chg5,g, 5,2.980619,2.995732,2.525729, 2.960105 , 3.349904  ,1.740466,-6.907755, 0.05826891 ,1.704748,-1.609438   ,4.119037,3.100092, 0.9042182 ,6.818924,2.476538,4.309456,4.266896,-2.465104 , 0.3784364 , 1.216099   , 0.3442987 ,3.405521 ,3.153163,6.372756,-2.764621,-0.6597124,1.82777  ,3.456317,-0.08338161 ,4.027136,-1.158362   ,-6.907755 ,3.360375
Chg6,g, 6,2.653242,2.681022,2.587764, 3.161247 , 3.535145  ,1.931521,-6.907755, 0.5068176  ,1.791759,-1.832581   ,3.113515,2.292535, 0.2311117 ,6.306275,1.88707 ,3.561046,3.775057,-2.551046 ,-0.1899506 , 0.4246139  , 0.3257001 ,2.00283  ,2.996232,4.886432,-2.780621,-0.8603831,1.771557 ,3.417727, 0.09531018 ,3.873282,-1.114742   ,-6.907755 ,3.273364
Chg7,g, 7,3.068053,2.928524,2.61007 , 3.109061 , 3.169686  ,2.066863,-6.907755, 0.3220835  ,1.94591 ,-1.386294   ,4.229749,3.54674 , 1.153732  ,7.165493,3.222868,3.824284,4.92144 ,-2.780621 , 0.9951019 , 1.140394   , 0.6173455 ,0.4824261,3.848657,3.023347,-3.912023,-0.8867319,1.859418 ,3.306887, 0.14842    ,3.54674 ,-1.283738   ,-6.907755 ,3.186353
Chg8,g, 8,3.214868,3.005683,2.525729, 3.049273 , 3.058707  ,2.197225,-6.907755, 0.4252677  ,1.916923,-1.514128   ,4.266896,3.543854, 1.286474  ,7.242798,3.238678,3.749504,4.868303,-2.830218 , 0.9734269 , 0.84415    , 0.7677907 ,0.5766134,3.786233,3.57431 ,-4.199705,-0.7700282,1.686399 ,3.234749, 0.09531018 ,3.484312,-1.84516    ,-6.907755 ,3.11795 
Chg9,g, 9,3.152736,3.010621,2.61007 , 2.879198 , 3.214868  ,2.230014,-6.907755, 0.463734   ,1.856298,-1.427116   ,4.276666,3.854394, 1.48614   ,7.692113,3.941582,3.549617,4.978112,-2.703063 , 0.8928174 , 0.1848184  ,-0.01005034,1.675226 ,3.310178,4.014219,-4.074542,-0.7940731,1.87334  ,3.254243, 0.01980263 ,3.54674 ,-1.180908   ,-6.907755 ,2.995732
Chg10,g,10,3.210844,3.068053,2.667228, 2.944439 , 3.010621  ,2.451005,-6.907755, 0.5481214  ,1.871802,-1.07881    ,4.41401 ,3.586293, 1.458615  ,7.657283,3.795489,3.583519,4.866765,-2.513306 , 0.7055697 , 0.528862   , 0.3604677 ,1.556037 ,3.370394,4.013677,-3.772261,-0.6971552,1.313724 ,3.218876, 0.0295588  ,3.673766,-1.406497   ,-6.907755 ,3.144152
Chg11,g,11,2.895912,2.895912,2.674149, 3.377588 , 2.995732  ,2.054124,-6.907755, 0.4446858  ,1.856298,-1.469676   ,3.949319,3.058707, 0.7514161 ,6.582025,2.785011,3.779634,4.418841,-2.36446  , 0.3906898 , 0.8792117  , 0.06765865,1.84055  ,3.310543,3.923359,-3.352407,-0.7896581,1.951608 ,3.317816, 0.14842    ,3.459466,-1.47841    ,-4.422016 ,3.238678
Cha1,a, 1,3.054001,2.879198,2.442347, 2.557227 , 3.600048  ,2.116256,-6.907755, 0.3852624  ,1.88707 ,-1.237874   ,4.136765,2.833213, 1.275363  ,7.355641,2.960105,3.246491,4.472781,-2.419119 , 0.2255407 , 0.6178847  , 0.1449658 ,1.637053 ,2.967847,3.806218,-3.170086,-0.2021162,1.902108 ,3.73767 , 0.1739533  ,3.663562,-0.9702191  ,-3.410945 ,3.144152
Cha2,a, 2,2.949688,2.867899,2.747271, 3.194583 , 3.148453  ,2.572612,-6.907755, 0.6418539  ,1.824549,-1.203973   ,6.81794 ,2.879198, 1.656322  ,7.277939,6.149536,2.747271,4.305416,-1.980502 , 0.3513608 , 0.9110772  , 0.970021  ,2.770712 ,2.70805 ,5.83197 ,-2.882404,-0.6558514,1.931521 ,3.681351, 0.2070142  ,3.589059, 0.48858    ,-6.907755 ,3.157   
Cha3,a, 3,2.631889,2.912351,2.60269 , 2.933857 , 3.566712  ,2.197225,-6.907755, 0.722706   ,1.84055 ,-1.386294   ,3.850148,2.066863, 0.5766134 ,6.317165,2.61007 ,3.144152,3.775057,-2.312635 ,-0.5124937 , 0.4940863  , 0.2753564 ,1.474763 ,2.783776,4.106932,-2.847312,-0.4992265,0.8415672,3.38439 , 0.2231436  ,3.613617,-0.923819   ,-6.907755 ,3.152736
Cha4,a, 4,2.753661,2.721295,2.219203, 2.587764 , 3.841601  ,2.261763,-6.907755, 0.6881346  ,1.791759,-1.049822   ,4.122284,2.785011, 0.86289   ,6.52503 ,3.254243,3.210844,4.259859,-2.055725 , 0.2776317 , 0.567584   ,-0.3710637 ,3.224062 ,3.174715,4.930437,-2.322788,-0.9339457,1.842136 ,3.881564, 0.463734   ,4.141546,-0.5141645  ,-6.907755 ,3.433987
Cha5,a, 5,2.714695,2.734368,2.424803, 2.74084  , 3.754199  ,2.197225,-6.907755, 0.3220835  ,1.791759,-1.171183   ,4.063885,2.624669, 1.23256   ,7.082549,3.063391,2.960105,4.147885,-2.095571 ,-0.2574762 , 0.05354077 , 0.7080358 ,2.88759  ,2.776954,5.900117,-3.036554,-1.096614 ,1.363537 ,3.360375, 0.0861777  ,3.69883 ,-1.018877   ,-6.907755 ,3.100092
Cha6,a, 6,2.821379,2.694627,2.74084 , 3.449988 , 3.063391  ,2.312535,-6.907755, 0.48858    ,1.740466,-1.309333   ,5.52266 ,3.487375, 1.814825  ,7.551712,4.335983,2.985682,4.442651,-2.312635 , 0.9631743 , 0.3791211  , 0.5822156 ,2.953347 ,3.291754,6.069652,-2.937463,-0.7194912,2.055405 ,3.50255 , 0.2623643  ,3.600048,-0.5041811  ,-6.907755 ,3.295837
Cha7,a, 7,3.095578,2.517696,2.727853, 3.38439  , 3.030134  ,2.674149,-6.907755, 0.4946962  ,1.84055 ,-1.347074   ,5.294309,3.394508, 1.870263  ,7.26473 ,3.992681,2.70805 ,4.48526 ,-2.56395  , 0.7294791 , 0.1151128  , 0.05921186,2.796061 ,2.976549,5.645941,-2.617296,-0.7874579,1.976855 ,3.561046, 0.2546422  ,3.535145,-0.4748152  ,-6.907755 ,3.161247
Cha8,a, 8,2.557227,3.314186,2.923162, 2.815409 , 3.190476  ,1.686399,-6.907755,-0.07257069 ,1.824549,-1.714798   ,4.343805,1.931521, 0.9122827 ,7.187657,2.809403,3.353407,3.837299,-2.796881 ,-0.6217572 , 0.2577382  , 0.1814879 ,2.057962 ,2.70805 ,4.586191,-3.473768,-0.520876 ,1.504077 ,3.634951, 0.1222176  ,3.673766,-0.5225609  ,-6.907755 ,2.95491 
ChM1,M, 1,3.575151,3.414443,2.80336 , 2.014903 , 2.292535  ,2.66026 , 5.517453, 0.5481214  ,2.104134,-1.386294   ,4.119037,2.727853, 1.071584  ,6.652863,3.430756,3.169686,3.799974,-2.631089 , 0.3701833 , 0.3527673  ,-0.4064656 ,0        ,3.631515,1.609438,-3.381395,-0.8580218,1.348073 ,3.453157, 0.07696104 ,3.288402,-0.9996723  ,-6.907755 ,2.815409
ChM2,M, 2,3.563883,3.468856,2.827314, 1.740466 , 2.302585  ,2.484907, 5.863631, 0.6678294  ,2.104134,-1.609438   ,4.097672,2.674149, 0.8329091 ,6.167516,3.214868,3.109061,3.577948,-2.937463 , 0.124869  , 0.2561914  ,-0.1648746 ,0        ,3.705982,1.609438,-3.411248,-0.7808861,0.9477894,3.540959, 0          ,2.944439,-0.9441759  ,-6.907755 ,2.873565
ChM3,M, 3,3.747148,3.210844,2.509599, 2.140066 , 2.484907  ,2.928524, 5.560682, 0.7129498  ,2.104134,-0.7339692  ,4.497585,2.667228, 1.235471  ,6.997596,3.508556,3.806662,4.618086,-2.302585 , 0.02858746, 1.055009   , 0.4213385 ,0        ,3.459466,1.609438,-3.649659,-0.8915981,1.589235 ,3.280911, 0.03922071 ,3.414443,-1.158362   ,-6.907755 ,2.766319
ChM4,M, 4,3.974058,3.100092,2.388763, 2.014903 , 1.824549  ,3.288402, 4.317488, 1.050822   ,2.079442, 0.2468601  ,4.717606,2.944439, 1.671473  ,7.814803,3.919991,4.551769,5.899897,-1.439695 , 0.09893995, 1.600397   , 1.5499    ,0.5423243,3.505557,1.609438,-3.146555,-1.081755 ,1.747459 ,3.586293, 0          ,3.706228,-1.005122   ,-5.805815 ,3.058707
ChM5,M, 5,3.523415,3.543854,2.140066, 2.24071  , 2.61007   ,3.039749, 5.905362, 0.9162907  ,2.104134, 0.9895412  ,3.226844,2.99072 , 1.415853  ,8.500657,3.063391,4.92144 ,6.302069,-0.9888614, 0.686626  , 1.578979   , 2.639057  ,0        ,3.630456,2.415021,-3.611918,-0.9416085,1.435084 ,3.377588,-0.03045921 ,3.555348,-1.22078    ,-6.907755 ,3.363842
ChM6,M, 6,3.48124 ,3.449988,2.261763, 2.397895 , 2.734368  ,2.785011, 6.113682, 0.9242589  ,2.116256, 0.5822156  ,3.417727,2.587764, 1.088562  ,8.274357,2.727853,4.862908,5.798486,-1.366492 , 0.2452964 , 1.938022   , 2.155013  ,0        ,3.498929,5.301462,-3.649659,-0.5276327,1.386294 ,3.471966, 0.10436    ,3.703768,-1.89712    ,-6.907755 ,3.430756
ChM7,M, 7,3.424263,3.580737,2.128232, 2.341806 , 2.681022  ,3.025291, 5.393628, 0.9858168  ,2.104134, 0.6981347  ,3.325036,2.833213, 1.449269  ,8.478036,3.342862,4.48074 ,6.063785,-1.161552 , 0.3548733 , 0.9345235  , 1.924249  ,0        ,3.500137,1.965713,-3.611918,-0.5124937,1.499623 ,3.363842, 0.009950331,3.826465,-1.194022   ,-6.907755 ,3.465736
ChM8,M, 8,3.921973,3.186353,2.681022, 1.974081 , 1.252763  ,3.292126, 2.397895, 0.9707789  ,2.028148,-0.09431068 ,4.602166,3.010621, 1.7613    ,8.199189,3.730501,4.390739,5.803326,-1.6874   , 0.348542  , 1.059178   , 1.706202  ,0.1739533,3.381675,2.078191,-3.772261,-0.644357 ,0.6881346,3.50255 , 0.10436    ,3.824284,-1.687399   ,-6.907755 ,3.242592
ChM9,M, 9,3.862833,3.109061,2.85647 , 2.079442 , 1.526056  ,3.039749, 4.143135, 0.8285518  ,2.091864,-1.171183   ,4.374498,3.131137, 1.435085  ,7.410347,3.706228,3.693867,4.301359,-2.60369  , 0.3832195 , 0.6765095  ,-0.2810375 ,0        ,3.602777,1.609438,-4.199705,-0.7194912,0.8020016,3.258097, 0.10436    ,3.720862,-0.9623347  ,-6.907755 ,2.97553 
ChM10,M,10,3.666122,3.407842,2.76001 , 1.824549 , 2.163323  ,2.797281, 5.627621, 0.4382549  ,2.116256,-1.237874   ,4.104295,2.85647 , 1.255616  ,7.138867,3.65842 ,3.433987,4.094345,-2.995732 , 0.01390291, 0.4317824  ,-0.8141855 ,0        ,3.450939,1.609438,-3.729701,-0.5361434,0.3646431,3.377588, 0.0295588  ,3.532226,-1.89712    ,-4.134542 ,2.867899
ChM11,M,11,3.499533,3.374169,2.879198, 2.197225 , 2.388763  ,2.646175, 5.602119, 0.6523252  ,2.104134,-1.171183   ,4.01458 ,2.862201, 1.22083   ,6.967909,3.535145,3.430756,4.131961,-2.864704 , 0.1731126 , 0.3082197  ,-0.5923973 ,0        ,3.519277,3.144583,-3.649659,-0.3974969,0.8671005,3.346389,-0.03045921 ,3.605498,-1.05843    ,-6.907755 ,2.785011
ChT1,T, 1,2.791165,3.144152,2.509599, 2.219204 , 3.663562  ,1.916923,-6.907755, 0.07696104 ,1.808289,-1.660731   ,3.068053,2.70805 , 0.5596158 ,7.760467,2.549445,3.889777,4.097672,-2.937463 , 1.041336  , 0.2692635  , 1.4947    ,1.813195 ,3.279783,6.520032,-3.863233,-1.324259 ,1.366092 ,3.356897, 0.1133287  ,4.097672, 0.1988509  ,-3.146323 ,3.407842
ChT2,T, 2,2.867899,2.960105,2.028148, 2.091864 , 3.858622  ,1.791759,-6.907755, 0.2700271  ,1.987874,-1.237874   ,2.163323,3.985273, 0.65752   ,8.042699,2.351375,5.514235,4.329417,-2.796881 , 0.809596  , 1.895819   , 0.1414996 ,0        ,3.869324,1.609438,-3.611918,-1.331806 ,1.814825 ,3.505557, 0.10436    ,3.901973, 0.5187938  ,-3.441707 ,3.086487
ChT3,T, 3,2.639057,2.74084 ,1.931521, 2.753661 , 3.869116  ,1.94591 ,-6.907755, 0.1222176  ,1.931521,-1.347074   ,3.091042,2.509599, 1.033184  ,7.895436,2.734368,3.779634,3.871201,-2.864704 , 0.4536202 , 0.1922719  , 0.8704562 ,0        ,3.17346 ,2.607124,-3.863233,-1.200645 ,1.410987 ,3.532226, 0.1570037  ,3.956996, 0.1310283  ,-4.016828 ,3.261935
ChT4,T, 4,2.646175,2.572612,2.04122 , 2.727853 , 3.908015  ,1.740466,-6.907755, 0.07696104 ,1.824549,-1.347074   ,3.198673,2.701361, 0.5247285 ,7.650645,2.653242,4.171306,3.703768,-2.513306 , 0.7765688 , 0.5911144  , 1.198156  ,2.00148  ,3.09874 ,5.535285,-3.296837,-1.117795 ,1.20896  ,3.427515, 0.10436    ,3.867026, 0.0295588  ,-4.342037 ,3.222868
ChT5,T, 5,2.379546,2.797281,1.722767, 2.208274 , 4.062166  ,1.667707,-6.907755, 0.009950331,1.94591 ,-1.714798   ,2.054124,2.451005, 0.03922071,7.427739,1.808289,3.895894,3.543854,-3.218876 , 0.6355181 , 0.1897936  , 0.6296748 ,0        ,3.056357,1.609438,-4.135167,-1.214023 ,1.223775 ,3.430756, 0.14842    ,3.819908, 0.3646431  ,-6.907755 ,2.949688
ChT6,T, 6,2.493205,2.844909,2.140066, 2.282382 , 3.958907  ,1.667707,-6.907755,-0.1508229  ,1.856298,-1.771957   ,2.944439,2.351375, 0.3364722 ,7.371489,2.151762,4.185099,3.499533,-2.97593  , 0.372253  , 0.6216512  , 0.2374409 ,1.383791 ,2.843746,4.032824,-3.649659,-0.9263411,1.719189 ,3.433987, 0.1570037  ,4.046554,-0.3566749  ,-6.907755 ,3.135494
ChT7,T, 7,2.442347,2.624669,1.84055 , 2.442347 , 4.041295  ,1.481605,-6.907755,-0.2484614  ,1.686399,-1.108663   ,2.406945,2.292535, 0.604316  ,7.482682,2.219203,3.569533,3.706228,-1.973281 , 0.8109302 , 0.2561914  , 0.9843231 ,4.066631 ,3.687378,7.29764 ,-2.488915,-1.456717 ,1.18479  ,3.38439 , 0.009950331,4.624973, 0.5187938  ,-1.187411 ,3.367296
ChT8,T, 8,2.272126,2.525729,1.481605, 2.104134 , 4.177459  ,1.686399,-6.907755, 0.04879016 ,1.902108,-1.139434   ,2.282382,2.766319, 0.6365768 ,7.259116,2.230014,3.713572,3.966511,-2.764621 , 0.7793249 ,-0.2836901  , 0.6173455 ,0.7654678,3.135059,3.692373,-4.017384,-1.362578 ,1.22083  ,3.332205, 0.14842    ,3.802208, 0.03922071 ,-3.771826 ,3.034953
ChT9,T, 9,2.76001 ,2.370244,1.931521, 2.727853 , 3.937691  ,2.208274,-6.907755, 0.4446858  ,1.902108,-1.07881    ,2.61007 ,2.332144, 0.1739533 ,6.839476,2.370244,3.025291,3.543854,-2.137071 , 0.2806575 , 0.3513608  , 0.7797835 ,0.9895412,3.592369,1.631199,-2.780621,-0.6329933,1.83098  ,3.688879, 0.1397619  ,3.744787, 0.5596158  ,-2.702913 ,3.202746
ChT10,T,10,2.415914,2.424803,1.435085, 2.054124 , 4.18205   ,1.774952,-6.907755,-0.2231436  ,1.856298,-2.040221   ,1.871802,2.174752,-0.4942963 ,6.156979,1.871802,4.046554,4.320151,-2.590267 , 0.3393253 , 1.185401   , 1.132047  ,2.109    ,2.884801,5.798304,-2.733368,-2.353878 ,0.7129498,3.594569, 0.1310283  ,4.10759 ,-0.01005034 ,-6.209621 ,3.526361
ChT11,T,11,2.433613,2.617396,2.174752, 2.4681   , 3.994524  ,1.84055 ,-6.907755,-0.08338161 ,1.871802,-1.714798   ,2.862201,2.821379, 0.2623643 ,7.074963,2.208274,3.317816,3.914021,-2.830218 , 0.8891251 , 0.3681093  , 1.017764  ,0.7323679,3.338967,4.354527,-3.324236,-0.9467499,1.752672 ,3.806662, 0.1222176  ,4.063885, 0.2776317  ,-6.907755 ,3.321432
ChX1,X, 1,3.08191 ,2.785011,2.104134, 2.912351 , 3.566712  ,2.292535,-6.907755, 0.7275486  ,1.902108,-1.07881    ,3.520461,3.583519, 0.9895412 ,7.31854 ,2.906901,3.411148,4.83866 ,-2.551046 , 0.1996702 , 0.14842    , 0.06391333,0.8020016,2.892037,2.958549,-2.937463,-1.594549 ,1.601406 ,3.602777, 0.1133287  ,3.642836,-0.3710637  ,-1.987701 ,2.970414
ChX2,X, 2,3.190476,2.912351,2.379546, 2.827314 , 3.387774  ,2.312535,-6.907755, 0.3852624  ,1.704748,-1.139434   ,4.09601 ,3.94739 , 1.300192  ,6.900731,3.288402,3.754199,5.343291,-2.103734 , 0.686626  , 0.7178398  , 0.2646693 ,3.894063 ,3.314186,6.529579,-2.430418,-2.617296 ,0.9082586,3.505557,-0.1875351  ,4.225373,-0.03045921 ,-2.975734 ,2.99072 
ChX3,X, 3,2.99072 ,2.917771,2.360854, 2.884801 , 3.499533  ,2.433613,-6.907755, 0.662688   ,1.916923,-0.8675006  ,4.077537,5.013298, 1.444563  ,7.733684,3.317816,5.49265 ,5.702448,-2.079442 , 2.014636  , 2.088649   , 0.621114  ,1.512927 ,4.979282,2.896464,-2.918771,-2.244316 ,1.682688 ,3.328627, 0.1397619  ,3.927896,-0.5798185  ,-1.639846 ,3.194583
ChX4,X, 4,3.182212,2.99072 ,2.261763, 2.879198 , 3.353407  ,2.282382,-6.907755, 0.7793249  ,1.629241,-1.237874   ,4.09601 ,3.686376, 1.121678  ,6.863803,3.139833,4.234107,5.499215,-2.748872 , 0.3548733 , 1.298828   , 0.3763795 ,3.57094  ,3.525183,6.916755,-2.645075,-2.009916 ,1.300192 ,3.508556,-0.08664781 ,4.325456, 0.1739533  ,-2.017331 ,3.374169
ChX5,X, 5,2.928524,2.809403,2.580217, 3.303217 , 3.190476  ,2.230014,-6.907755, 0.4510756  ,1.757858,-0.9416085  ,4.082609,4.051785, 1.118415  ,7.366445,3.475067,5.668155,5.149237,-2.087474 , 0.9685036 , 1.646734   , 0.5170065 ,2.844328 ,3.216874,5.370033,-2.796881,-2.024953 ,1.313724 ,3.292126, 0.06765865 ,4.175925,-0.05129329 ,-1.958924 ,3.126761
ChX6,X, 6,3.015535,2.933857,2.572612, 3.044522 , 3.284664  ,2.272126,-6.907755, 0.4946962  ,1.791759,-1.049822   ,4.032469,3.958907, 1.121678  ,7.716906,3.540959,7.487566,4.945919,-2.322788 , 1.013417  , 3.042616   , 0.294161  ,2.426571 ,3.359333,5.117275,-3.411248,-2.813411 ,1.479329 ,3.317816, 0.06765865 ,3.916015,-0.7765288  ,-2.733214 ,3.109061
ChX7,X, 7,3.186353,3.109061,2.557227, 2.850706 , 3.144152  ,2.104134,-6.907755, 0.5364934  ,1.757858,-1.203973   ,4.160444,3.555348, 1.004302  ,6.914731,2.839078,4.213608,4.866765,-2.312635 , 0.486123  , 0.9899129  , 0.6081338 ,2.799109 ,2.973487,5.933306,-2.97593 ,-2.538307 ,1.202972 ,3.404525,-0.02531781 ,4.037774,-0.3424903  ,-2.12018  ,3.131137
ChX8,X, 8,2.995732,2.844909,2.360854, 2.714695 , 3.613617  ,2.379546,-6.907755, 0.65752    ,1.740466,-0.7550226  ,3.732896,3.456317, 1.348073  ,7.455877,3.238678,3.972177,5.499624,-2.225624 , 0.4337286 , 0.65752    , 1.09427   ,3.115735 ,2.880321,6.608378,-3.015935,-1.320507 ,1.214913 ,3.332205, 0.01980263 ,4.248495,-0.1984509  ,-2.024878 ,3.254243
ChX9,X, 9,3.250374,3.00072 ,2.61007 , 2.928524 , 3.08191   ,2.451005,-6.907755, 0.6097656  ,1.704748,-0.3147107  ,4.160444,3.676301, 1.477049  ,7.734121,3.763523,4.866765,5.749393,-2.009916 , 0.4712528 , 1.643066   , 0.7979575 ,3.801315 ,2.929058,6.949598,-2.813411,-2.171557 ,1.534714 ,3.374169, 0.05826891 ,4.00915 ,-0.3011051  ,-2.225531 ,3.397858
ChX10,X,10,3.077312,2.980619,2.476538, 3.030134 , 3.258097  ,2.667228,-6.907755, 1.169381   ,1.856298,-0.6931472  ,3.877432,2.912351, 1.381282  ,7.659171,3.608212,3.69883 ,5.384036,-1.910543 , 0.0806579 , 0.6481498  , 0.7825307 ,1.780024 ,2.994231,4.17331 ,-2.780621,-1.890475 ,1.368639 ,3.356897, 0.3074847  ,3.797734,-0.2484614  ,-2.282684 ,3.321432
ChX11,X,11,3.169686,3.11795 ,2.379546, 3.058707 , 3.068053  ,2.501436,-6.907755, 0.7419373  ,1.88707 ,-0.6931472  ,3.985273,3.577948, 1.388791  ,7.883823,3.566712,4.000034,5.357058,-2.292635 , 0.3818552 , 0.9114792  , 0.2623643 ,1.088562 ,3.035914,3.059646,-3.729701,-1.890475 ,1.442202 ,3.353407, 0.04879016 ,3.605498,-0.03045921 ,-2.975734 ,2.970414
ChX12,X,12,3.139833,2.867899,2.312535, 3.173878 , 3.230804  ,2.312535,-6.907755, 0.6097656  ,1.902108,-0.03045921 ,3.795489,3.688879, 1.345472  ,7.652071,3.65584 ,4.400603,5.681878,-2.343407 , 0.3206332 , 0.9535865  ,-0.1064722 ,1.121678 ,3.066657,3.062456,-3.079114,-2.216407 ,1.435084 ,3.295837, 0.1570037  ,3.637586,-0.1984509  ,-1.980429 ,3.148453
ChX14,X,14,2.809403,2.995732,2.580217, 2.827314 , 3.505557  ,2.028148,-6.907755, 0.4574248  ,1.757858,-1.714798   ,3.732896,3.250374, 0.8329091 ,7.077498,3.161247,5.34901 ,4.882044,-2.513306 , 0.8069222 , 1.865629   , 0.9021918 ,2.529721 ,3.230804,6.255385,-3.244194,-2.282782 ,1.378766 ,3.280911, 0.04879016 ,3.763523, 0.05826891 ,-3.193939 ,3.206803
ChX16,X,16,3.068053,2.901422,2.572612, 3.025291 , 3.280911  ,2.208274,-6.907755, 0.4187103  ,1.791759,-0.9162907  ,4.210645,3.867026, 1.345472  ,7.127694,3.678829,4.27944 ,5.415211,-2.407946 , 0.75      , 0.6455313  , 0.6678294 ,2.885359 ,2.998728,6.1762  ,-3.170086,-2.032558 ,1.519513 ,3.363842, 0.1906204  ,3.848018, 0.2851789  ,-3.473446 ,3.186353
ChX17,X,17,3.063391,2.917771,2.595255, 2.985682 , 3.292126  ,2.219203,-6.907755, 0.4054651  ,1.757858,-1.309333   ,4.127134,3.828641, 1.297463  ,7.114769,3.686376,3.962716,5.277094,-2.60369  , 0.3832195 , 0.4337286  ,-0.2319321 ,3.261169 ,3.034953,6.012712,-2.688248,-1.958995 ,1.472472 ,3.317816, 0.1133287  ,4.38577 , 0.4187103  ,-2.071394 ,3.380995
Q8A1,A, 1,2.424803,2.251292,2.128232, 2.541602 , 4.062166  ,1.881853,-6.907755,-0.06252036 ,1.88707 ,-1.956063   ,2.911472,2.332438,-0.33244   ,6.018864,1.997925,3.485118,3.660709,-2.813411 , 0.8754687 , 0          , 1.547563  ,1.648659 ,3.566712,5.925592,-3.194183,-4.60517  ,1.160021 ,3.623807,-0.1165338  ,3.472587,-1.514128   ,-2.207275 ,3.489208
Q8A2,A, 2,2.653242,2.890372,2.815409, 2.128232 , 3.754199  ,1.880843,-6.907755, 0.1996611  ,1.94591 ,-2.516688   ,3.104618,1.713789,-0.07434086,4.964868,1.8008  ,3.289952,3.247719,-2.995732 ,-0.5108256 , 0.463734   ,-0.3566749 ,0.5306283,3.113515,3.356897,-2.937463,-2.525729 ,1.283708 ,3.62274 , 0.09531018 ,3.437529,-1.832581   ,-1.427116 ,3.186766
Q8A3,A, 3,2.4681  ,2.681022,2.379546, 2.4681   , 3.931826  ,1.554587,-6.907755, 0.2693889  ,1.722767,-2.400921   ,2.886223,1.711773,-0.6469018 ,4.819209,1.575641,3.408222,3.032316,-2.995732 ,-0.2231436 , 0.9162907  , 0.4054651 ,2.809403 ,3.063391,6.892032,-2.282782,-4.60517  ,0.7371641,3.581294,-0.1863296  ,3.80866 ,-1.272966   ,-1.609438 ,3.760037
Q8A4,A, 4,2.292535,2.721295,2.541602, 2.230014 , 3.968403  ,1.638281,-6.907755,-0.2016803  ,2.054124,-2.516688   ,2.77536 ,1.370017,-0.5017849 ,4.788164,1.535097,3.053563,2.717091,-2.995732 ,-0.9162907 ,-0.2744368  ,-0.6931472 ,0.4054651,3.64545 ,2.66026 ,-3.324236,-2.479751 ,1.088562 ,3.473208,-0.09431068 ,3.457263,-2.040221   ,-2.813411 ,2.808197
Q8A5,A, 5,2.646175,3.044522,2.901422, 2.140066 , 3.642836  ,1.80282 ,-6.907755, 0.04061975 ,1.84055 ,-2.02916    ,3.422209,1.867359, 0.115421  ,5.670543,2.219335,3.473667,3.249739,-2.813411 ,-0.1053605 , 0.4446858  ,-0.2231436 ,1.808289 ,2.70805 ,4.603168,-3.101093,-2.407946 ,0.9969486,4.224203,-0.05129329 ,3.742894,-1.108663   ,-2.995732 ,2.963209
Q8A6,A, 6,2.74084 ,3.00072 ,2.839078, 2.174752 , 3.650658  ,1.699484,-6.907755, 0.1083954  ,1.667707,-2.2895     ,3.211758,1.661744, 0.04264404,4.817106,2.041233,3.424233,3.305212,-2.813411 ,-0.3566749 , 1.408545   , 0.09531018,3.377588 ,2.965273,6.740992,-2.189256,-3.218876 ,1.214913 ,3.857144,-0.08338161 ,4.321746,-0.7985077  ,-1.469676 ,3.406848
Q8A7,A, 7,2.525729,2.701361,2.674149, 2.151762 , 3.901973  ,1.556603,-6.907755, 0.1745552  ,1.808289,-2.198234   ,3.086353,1.676748,-0.05283466,5.640253,1.8008  ,3.174516,2.926811,-2.813411 ,-0.5108256 , 0.2623643  ,-0.5108256 ,2.066863 ,2.772589,4.683057,-2.225624,-4.60517  ,0.3074847,3.482777,-0.02020271 ,3.748798,-1.832581   ,-2.813411 ,3.340385
Q8A8,A, 8,2.186051,2.70805 ,2.572612, 2.197225 , 3.988984  ,1.557613,-6.907755, 0.2251617  ,2.00148 ,-2.110213   ,2.943907,2.25076 ,-0.2910548 ,5.313355,1.750517,3.352912,3.34582 ,-2.813411 , 0.09531018,-0.04082199 , 0.9162907 ,0.3364722,3.974058,3.621671,-3.218876,-3.218876 ,0.5988365,3.43205 ,-0.1165338  ,3.034472,-1.714798   ,-2.120264 ,3.144583
Q8A9,A, 9,2.80336 ,3.049273,3.034953, 2.208274 , 3.48124   ,1.821374,-6.907755, 0.2037056  ,1.871802,-1.953028   ,3.447072,2.264377, 0.3566749 ,5.244194,2.187837,3.397476,3.352407,-2.65926  , 0.6418539 , 0.5709795  , 0.4054651 ,1.589235 ,3.325036,4.580877,-2.813411,-1.966113 ,0.9477894,3.561046,-0.1392621  ,3.554491,-1.609438   ,-1.832582 ,2.968361
Q8A10,A,10,1.974081,2.370244,2.379546, 2.219204 , 4.128746  ,1.365989,-6.907755,-0.1228208  ,1.931521,-1.766944   ,2.790024,1.709761,-0.5571064 ,5.782665,1.440097,3.333639,3.086923,-3.218876 ,-0.5108256 ,-0.4307829  , 0.4700036 ,0.6931472,3.424263,3.939638,-3.611918,-2.207275 ,0.9400073,3.39652 ,-0.04082199 ,3.521052,-2.040221   ,-3.218876 ,2.900322
Q8A11,A,11,2.351375,2.827314,2.701361, 2.116256 , 3.89995   ,1.555595,-6.907755, 0.008032172,1.757858,-2.112231   ,3.023567,1.656691,-0.2276902 ,4.949675,1.730799,3.181911,2.914933,-2.65926  ,-0.3566749 , 0.06765865 ,-0.3566749 ,2.923162 ,2.70805 ,5.729775,-2.087474,-3.218876 ,0.5988365,3.51898 ,-0.2484614  ,3.912223,-1.386294   ,-2.040221 ,3.175133
Q8B1,B, 1,3.091042,3.407842,3.799974, 0.9162907,-0.5108256 ,2.543893,-6.907755, 0.1314927  ,1.84055 ,-0.8981268  ,4.059459,2.886063, 0.8554115 ,6.540257,3.276261,3.095476,4.0577  ,-1.832582 , 0.9932518 , 0.05826891 ,-0.1053605 ,3.039749 ,3.50255 ,4.435567,-2.525729, 0.0861777,0.86289  ,3.589888,-0.2484614  ,3.537184, 0.2700271  ,-2.040221 ,2.502255
Q8B2,B, 2,3.242592,3.433987,3.703768, 0.6931472,-0.2231436 ,2.631293,-6.907755, 0.1345523  ,2.00148 ,-1.118211   ,4.172264,2.631293, 0.9612309 ,6.555012,3.33541 ,3.161056,4.069524,-2.207275 , 0.2623643 , 0.2390169  , 0         ,1.62924  ,3.139833,3.214868,-3.170086,-2.525729 ,1.350667 ,3.393501,-0.2744368  ,3.629129,-0.1392621  ,-2.040221 ,2.556452
Q8B3,B, 3,3.250374,3.449988,3.62966 , 1.064711 , 0.7419373 ,2.819527,-6.907755, 0.1266056  ,2.104134,-1.117189   ,4.029579,3.076247, 0.922407  ,6.725434,3.264838,3.792705,4.126541,-2.407946 , 1.064711  , 0.5709795  ,-0.3566749 ,0.8754687,4.232656,2.917771,-2.97593 ,-2.995732 ,1.205971 ,3.40386 ,-0.2357223  ,3.644405,-0.6539265  ,-1.609438 ,2.522524
Q8B4,B, 4,3.242592,3.218876,3.449988, 1.064711 , 2.70805   ,2.776929,-6.907755, 0.2055902  ,1.916923,-1.026553   ,4.095708,2.873975, 0.8734196 ,6.88498 ,3.307932,3.197147,4.050404,-1.966113 , 1.029619  , 0.1988509  , 0.3364722 ,2.681022 ,3.532226,4.09601 ,-2.830218,-2.65926  ,1.196948 ,3.766303,-0.1508229  ,3.760735,-1.203973   ,-2.120264 ,2.836737
Q8B5,B, 5,3.478158,3.321432,3.538057, 0.8329091, 1.163151  ,2.997786,-6.907755, 0.2973983  ,2.116256,-0.9402128  ,4.159333,2.860585, 1.056991  ,6.710732,3.464579,3.348804,4.221561,-2.207275 , 0.4700036 , 0.7608058  ,-0.5108256 ,0.9555114,3.85651 ,2.721295,-2.476938,-4.60517  ,1.156881 ,3.215269,-0.1984509  ,3.602777,-0.967584   ,-1.89712  ,2.458734
Q8B7,B, 7,3.349904,3.360375,3.642836, 1.098612 , 0.4054651 ,2.783279,-6.907755, 0.2856329  ,1.88707 ,-0.9709836  ,4.109245,2.556965, 0.9940475 ,6.564299,3.362591,3.141219,4.169573,-1.89712  , 0.2623643 , 0.3784364  , 0.2623643 ,2.85647  ,2.995732,4.197202,-3.352407,-3.218876 ,1.241269 ,3.372455,-0.2613648  ,3.57655 ,-0.9416085  ,-2.995732 ,2.577942
Q8B8,B, 8,3.295837,3.397858,3.686376, 0.8754687,-0.2231436 ,2.765133,-6.907755, 0.1727127  ,1.916923,-1.17968    ,4.096732,2.58152 , 0.9720821 ,6.581071,3.342108,3.124385,4.062067,-2.120264 , 0.2623643 , 0.1310283  ,-0.5108256 ,2.525729 ,2.873565,3.523415,-2.430418,-3.506558 ,0.9707789,3.32071 ,-0.2357223  ,3.721589,-1.021651   ,-2.207275 ,2.595255
Q8B9,B, 9,3.380995,3.401197,3.642836, 0.6418539,-0.6931472 ,2.869202,-6.907755, 0.2943198  ,1.974081,-1.115142   ,4.115298,2.656182, 0.9988523 ,6.614594,3.412067,3.222966,4.183176,-2.120264 , 0.1823216 , 0.2151114  , 0.09531018,1.902108 ,2.985682,3.157   ,-3.194183,-2.995732 ,1.10194  ,3.413784,-0.1743534  ,3.784871,-1.108663   ,-1.171183 ,2.619583
Q8B10,B,10,3.437208,3.367296,3.572346, 0.8754687, 0.6418539 ,2.957952,-6.907755, 0.2282797  ,2.054124,-1.174544   ,4.10866 ,2.682671, 1.022681  ,6.645494,3.389804,3.177882,4.185182,-2.302585 , 0         , 0.1823216  ,-0.6931472 ,1.029619 ,3.226844,2.617396,-3.324236,-2.207275 ,1.415853 ,3.638112,-0.2231436  ,3.663049,-1.514128   ,-1.272966 ,2.601949
Q8B11,B,11,3.433987,3.299534,3.616309, 0.8329091, 0.8754687 ,2.955895,-6.907755, 0.3200408  ,2.091864,-1.051438   ,4.058066,2.774642, 1.020623  ,6.656734,3.496227,3.175825,4.164136,-2.302585 , 0.2623643 , 0.1988509  ,-0.3566749 ,0.9162907,3.725693,2.714695,-2.937463,-1.049822 ,1.071584 ,3.521644,-0.1625189  ,3.690378,-0.4942963  ,-2.813411 ,2.406044
Q8B12,B,12,3.440418,3.314186,3.577948, 0.8754687, 1.131402  ,2.923283,-6.907755, 0.2179916  ,2.079442,-1.143812   ,4.138245,2.70152 , 1.042602  ,6.682812,3.448371,3.167204,4.111665,-2.207275 , 0.2623643 , 0.07696104 ,-0.9162907 ,1.252763 ,3.871201,3.157   ,-2.995732,-2.623493 ,1.050822 ,3.366261,-0.2876821  ,3.600868,-1.309333   ,-2.525729 ,2.080691
Q8B13,B,13,3.50255 ,3.328627,3.566712, 0.6418539, 0.4700036 ,3.015111,-6.907755, 0.2684457  ,2.104134,-1.049381   ,4.081214,3.13849 , 1.03373   ,6.690004,3.410423,3.199114,4.182042,-2.302585 , 1.064711  , 0.3220835  ,-0.5108256 ,1.029619 ,4.504244,2.884801,-2.513306,-1.469676 ,1.181727 ,3.668677,-0.1743534  ,3.678324,-0.9416085  ,-0.967584 ,2.202765
Q8B14,B,14,3.475067,3.317816,3.558201, 1.064711 , 0.7419373 ,3.057814,-6.907755, 0.3901976  ,2.00148 ,-0.9891281  ,4.375029,2.72715 , 1.040481  ,6.765925,3.430382,3.313434,4.164485,-1.966113 , 0.3364722 , 0.4946962  , 0         ,1.808289 ,3.471966,3.198673,-3.218876,-1.714798 ,1.007958 ,3.54472 ,-0.09431068 ,3.792564,-0.6348783  ,-3.506558 ,2.489894
Q8C1,C, 1,3.478158,3.446808,3.178054, 1.589235 , 1.987874  ,2.682505,-6.907755, 0.4984798  ,2.028148,-0.6709016  ,4.355607,2.769517, 1.156868  ,7.186192,3.638554,3.635863,4.444694,-1.966113 , 0.4054651 , 0.4054651  , 0.6931472 ,0.7884574,4.037774,3.367296,-3.649659,-2.995732 ,1.205971 ,3.291383,-0.210721   ,3.578786,-1.139434   ,-0.1053605,2.714032
Q8C2,C, 2,4.079231,2.653242,1.931521, 2.197225 , 2.379546  ,3.094334,-6.907755, 0.7287744  ,2.014903, 0.3933016  ,4.647773,3.166764, 1.847189  ,7.156072,4.250713,3.544183,5.131216,-0.9162907, 0.4700036 , 0.2390169  , 0.9555114 ,1.974081 ,3.610918,3.346389,-2.513306,-4.60517  ,1.539015 ,3.401197,-0.1625189  ,3.612268,-1.771957   ,-2.813411 ,3.058707
Q8C3,C, 3,3.660994,3.478158,3.210844, 0.9932518, 0.1823216 ,3.009018,-6.907755, 0.5822846  ,1.987874,-0.2863113  ,4.541454,2.695628, 1.347485  ,6.916972,3.660709,3.512712,4.551274,-1.609438 ,-0.1053605 , 0.6259384  ,-0.2231436 ,1.808289 ,3.295837,3.676301,-2.796881,-0.2744368,1.266948 ,3.53427 ,-0.1625189  ,3.769307,-0.1743534  ,-2.525729 ,2.70069 
Q8C4,C, 4,3.648057,3.514526,3.222868, 0.7419373,-0.2231436 ,2.778979,-6.907755, 0.27996    ,1.931521,-0.5194094  ,4.414816,2.692546, 1.246148  ,6.984716,3.583519,3.625366,4.49924 ,-1.714798 , 0         , 0.3715636  ,-0.1053605 ,2.341806 ,3.152736,3.837299,-2.476938,-2.813411 ,1.319086 ,3.441699,-0.1743534  ,3.665355,-1.832581   ,-1.609438 ,2.811208
Q8C5,C, 5,3.813307,3.462606,3.044522, 0.2623643,-0.6931472 ,3.133649,-6.907755, 0.6962448  ,1.987874,-0.5462617  ,4.471491,2.793567, 1.280589  ,6.864431,3.709857,3.527029,4.546612,-1.966113 , 0         , 0.5877867  , 0.1823216 ,1.386294 ,3.404525,3.754199,-3.123566,-3.912023 ,0.7030975,3.072693,-0.4620355  ,3.369018,-1.560648   ,-2.995732 ,2.276241
Q8C6,C, 6,4.060443,3.317816,2.517696,-0.1053605, 0.09531018,3.319009,-6.907755, 0.8393714  ,2.079442,-0.2065972  ,4.636984,3.057399, 1.479327  ,7.177552,3.979555,3.658173,4.646034,-1.832582 , 0.09531018, 0.4946962  ,-0.1053605 ,0.6418539,3.78419 ,3.182212,-2.995732,-2.995732 ,1.272566 ,3.349553,-0.1625189  ,3.477232,-0.6539265  ,-1.609438 ,2.807594
Q8C7,C, 7,3.903991,3.421   ,2.917771,-0.2231436,-0.6931472 ,3.171121,-6.907755, 0.6066067  ,2.054124,-0.4586691  ,4.519759,2.903526, 1.352035  ,6.856735,3.855535,3.485615,4.646779,-1.832582 ,-0.1053605 , 0.4824261  ,-0.2231436 ,0.9555114,3.558201,3.269569,-2.333044,-2.65926  ,1.018847 ,3.326833,-0.1984509  ,3.678324,-1.89712    ,-1.89712  ,2.38232 
Q8C8,C, 8,3.78646 ,3.414443,3.100092, 0.6418539, 0.3364722 ,3.102644,-6.907755, 0.4920163  ,1.84055 ,-0.1162314  ,4.59894 ,2.813411, 1.405772  ,7.095068,4.112129,3.648208,5.269436,-1.560648 , 0.3364722 , 0.6780335  , 0.5877867 ,3.48124  ,3.591818,5.463408,-1.777857,-3.912023 ,0.7371641,3.499231,-0.2231436  ,3.524889,-2.040221   , 0.756122 ,2.813011
Q8C9,C, 9,3.758872,3.605498,2.949688,-0.2231436,-0.9162907 ,3.061624,-6.907755, 0.532266   ,1.987874,-0.1548389  ,4.439429,2.834851, 1.258203  ,7.128212,3.747499,3.57245 ,4.577972,-1.469676 , 0         , 0.4700036  , 0         ,2.028148 ,3.226844,3.637586,-2.36446 ,-3.912023 ,0.9400073,3.255786,-0.1278334  ,3.777577,-2.302585   , 0.2468601,2.650421
Q8C10,C,10,3.526361,3.591818,3.295837, 0.4054651, 0.1823216 ,2.717896,-6.907755, 0.3084476  ,1.856298,-0.7107005  ,4.288761,2.532868, 1.23521   ,7.039878,3.444269,3.470077,4.304093,-2.207275 ,-0.1053605 , 0.2776317  ,-0.3566749 ,2.74084  ,3.258097,4.633758,-3.101093,-2.995732 ,1.444563 ,3.483392,-0.07257069 ,3.74526 ,-1.89712    ,-6.907755 ,2.949165
Q8C11,C,11,3.925926,3.360375,2.928524, 0.3364722,-0.9162907 ,3.173389,-6.907755, 0.6962448  ,1.987874,-0.4127303  ,4.524438,2.741607, 1.442102  ,7.060871,3.792429,3.53309 ,4.687517,-1.714798 ,-0.2231436 , 0.3220835  ,-0.1053605 ,1.808289 ,3.265759,3.725693,-3.611918,-2.525729 ,1.348073 ,3.465423,-0.0618754  ,3.812645,-1.966113   ,-0.7765288,2.958549
Q8C12,C,12,3.673766,3.475067,3.104587, 1.308333 , 0.8329091 ,2.847723,-6.907755, 0.3979075  ,1.871802,-0.8652541  ,4.570702,2.485933, 1.725623  ,7.310479,3.844056,3.794497,4.547045,-2.207275 ,-0.1053605 , 0.5481214  ,-0.1053605 ,2.186051 ,3.284664,4.273884,-3.296837,-1.89712  ,1.054312 ,3.283164,-0.2613648  ,3.554491,-1.609438   ,-0.8915981,2.540814
Q8D1,D, 1,2.95491 ,3.906005,3.325036, 0        , 0.8329091 ,2.056334,-6.907755, 0.1890669  ,1.88707 ,-1.412003   ,3.823996,2.201165, 0.6029003 ,6.863119,2.781433,3.650065,4.437562,-2.65926  ,-0.3566749 , 0.8153648  , 0         ,1.648659 ,3.173878,4.055257,-3.381395,-2.040221 ,0.4574248,2.851284,-0.4155154  ,3.198265,-1.832581   ,-0.7339692,2.348514
Q8D2,D, 2,2.442347,3.824284,3.62966 , 0.5306283, 1.193922  ,1.660731,-6.907755, 0.02202291 ,1.88707 ,-1.820509   ,3.737766,2.040221, 0.6109091 ,6.745474,2.463078,3.587223,3.982364,-2.995732 ,-0.3566749 , 0.9858168  ,-0.1053605 ,1.504077 ,3.030134,4.036009,-2.937463,-6.907755 ,1.283708 ,3.143721,-0.1625189  ,3.961955,-0.4780358  ,-2.525729 ,3.046901
Q8D3,D, 3,2.97553 ,3.718438,3.325036, 1.064711 , 2.140066  ,2.111047,-6.907755,-0.04269258 ,1.916923,-1.030639   ,4.033762,2.528782, 1.023484  ,7.901875,3.167636,4.312378,5.061963,-2.407946 ,-0.1053605 , 0.7466879  , 0.6931472 ,2.066863 ,3.317816,4.825911,-3.101093,-2.525729 ,1.105257 ,3.021887,-0.0618754  ,3.682107,-1.272966   ,-0.5108256,3.118834
Q8D4,D, 4,3.433987,3.577948,2.928524, 1.029619 , 2.459589  ,3.042347,-6.907755, 0.5731574  ,1.987874,-0.1141589  ,4.380469,3.159029, 1.72676   ,8.903387,4.488683,4.585264,6.197871,-1.89712  , 0.2623643 , 0.7839015  , 2.70805   ,0.1823216,3.407842,4.439116,-3.411248,-2.302585 ,0.6471032,3.254629,-0.0618754  ,3.635742,-1.609438   ,-1.203973 ,3.228826
Q8D5,D, 5,3.627004,3.487375,2.890372, 0.6931472, 2.272126  ,3.331309,-6.907755, 0.8222324  ,2.00148 ,-0.4847252  ,4.741568,2.876121, 1.721871  ,8.97062 ,4.110223,3.954931,5.982026,-2.995732 , 0.09531018, 0.5128236  , 1.504077  ,0        ,3.295837,3.555348,-3.540459, 0.2070142,1.199965 ,3.568123, 0.01980263 ,3.373484, 0.07696104 ,-0.6539265,3.187592
Q8D6,D, 6,2.939162,3.610918,3.182212, 1.547562 , 2.727853  ,2.249197,-6.907755, 0.4246479  ,1.704748,-1.120251   ,4.115193,2.544911, 1.150585  ,7.801156,3.41033 ,4.352544,4.942807,-1.966113 , 0.2623643 , 1.275363   , 1.029619  ,3.873282 ,3.850148,7.233094,-3.123566,-1.272966 ,0.9783261,3.255401,-0.1053605  ,3.982854, 0.009950331,-6.907755 ,3.32071 
Q8D7,D, 7,3.039749,3.78646 ,3.11795 , 1.098612 , 2.24071   ,2.07127 ,-6.907755, 0.5536395  ,1.88707 ,-1.697652   ,3.998695,2.268438, 0.8413216 ,7.70239 ,2.987561,3.91507 ,4.267069,-2.995732 ,-0.6931472 , 0.6981347  ,-0.5108256 ,1.131402 ,2.850707,3.440418,-2.956512,-2.040221 ,1.098612 ,3.223266,-0.1278334  ,3.547604,-1.347074   ,-6.907755 ,2.524127
Q8E1,E, 1,2.549445,3.443618,3.511545, 2.341806 , 2.484907  ,1.752539,-6.907755,-0.3304177  ,2.014903,-2.513656   ,3.304199,2.053293,-0.03922071,5.758276,1.803832,3.093983,3.190126,-2.995732 , 0.3364722 ,-0.1392621  ,-0.5108256 ,0.9932518,3.797734,2.778819,-3.688879,-1.108663 ,1.141033 ,3.164631,-0.2744368  ,3.211247,-1.560648   ,-6.907755 ,2.329227
Q8E2,E, 2,2.66026 ,3.569533,3.508556, 2.341806 , 1.856298  ,1.751527,-6.907755,-0.01939826 ,1.960095,-1.598377   ,3.395451,1.640301, 0.06932986,5.711505,1.913168,3.172308,3.106639,-2.995732 ,-1.203973  , 0.2468601  ,-1.203973  ,0.7884574,2.70805 ,2.895912,-3.123566,-1.386294 ,0.8197798,3.444576,-0.1625189  ,3.322515,-1.514128   ,-1.89712  ,2.508786
Q8E3,E, 3,2.60269 ,3.440418,3.624341, 2.493206 , 1.740466  ,1.8008  ,-6.907755,-0.2266816  ,2.00148 ,-2.198234   ,3.459028,2.137272, 0.2241521 ,6.142439,2.010521,3.174516,3.227917,-2.813411 , 0.2623643 , 1.029619   ,-0.6931472 ,0.9932518,3.65584 ,2.815409,-2.263364,-3.218876 ,0.8671005,3.627802,-0.2613648  ,3.537475,-2.302585   ,-0.7550226,2.543176
Q8E4,E, 4,2.493205,3.529297,3.720862, 2.230014 , 1.163151  ,1.637273,-6.907755,-0.2930729  ,1.722767,-2.199243   ,3.357936,1.656691, 0.1819855 ,6.423129,1.91014 ,3.250625,3.198509,-2.65926  ,-0.9162907 , 0.3001046  ,-0.3566749 ,3.173878 ,2.70805 ,5.517453,-3.473768,-1.272966 ,1.105257 ,3.313458,-0.2613648  ,3.513633,-1.171183   ,-0.9162907,2.661657
Q8E5,E, 5,2.821379,3.830813,3.427515, 1.526056 , 0.5306282 ,2.131505,-6.907755, 0.2096928  ,1.987874,-1.869749   ,3.523879,2.155603, 0.1495888 ,5.998633,2.268081,3.242239,3.435213,-2.525729 , 0         , 0.1655144  ,-0.2231436 ,1.163151 ,3.508556,3.496508,-2.733368,-1.139434 ,1.091923 ,3.387774,-0.210721   ,3.42198 ,-1.272966   ,-6.907755 ,2.719979
Q8E6,E, 6,2.734368,3.449988,3.703768, 2.04122  , 1.568616  ,2.163835,-6.907755, 0.02202291 ,2.028148,-1.225802   ,3.419915,2.013553, 0.2352161 ,5.936328,2.163835,3.169073,3.375914,-2.813411 ,-0.2231436 , 0.2468601  ,-0.3566749 ,0.9162907,3.317816,3.214868,-3.816713,-2.65926  ,1.289233 ,3.399195,-0.2744368  ,3.346741,-1.714798   ,-6.907755 ,2.748552
Q8E7,E, 7,2.4681  ,3.465736,3.575151, 2.747271 , 1.589235  ,1.795767,-6.907755,-0.1703454  ,2.014903,-1.962105   ,3.318194,1.844558, 0.01395835,5.853333,1.844558,3.08132 ,3.029299,-2.813411 ,-0.3566749 , 0.09531018 ,-0.9162907 ,0.5877867,3.397858,3.030134,-3.270169,-1.832582 ,0.9082586,3.473518,-0.2484614  ,3.575431,-1.237874   ,-0.2357223,2.464704
Q8E8,E, 8,2.61007 ,3.421   ,3.50255 , 2.791165 , 1.84055   ,1.908126,-6.907755,-0.204703   ,1.987874,-1.55463    ,3.341788,1.728785, 0.1630218 ,5.802076,1.966113,3.08333 ,3.128383,-2.813411 ,-0.6931472 ,-0.04082199 ,-1.203973  ,0.7884574,2.944439,2.917771,-3.442019,-1.139434 ,1.150572 ,3.256942,-0.1392621  ,3.988799, 0.14842    ,-3.912023 ,2.802754
Q8E9,E, 9,2.60269 ,3.517498,3.779634, 1.987874 , 0.5306282 ,1.952935,-6.907755,-0.07635699 ,1.974081,-2.033196   ,3.568071,1.967119, 0.4581002 ,6.116272,2.31956 ,3.02256 ,3.41155 ,-2.813411 ,-0.3566749 ,-0.01005034 ,-0.3566749 ,0.9555114,3.194583,3.427515,-3.540459,-3.506558 ,0.5822156,2.950735,-0.597837   ,2.989211,-2.525729   ,-6.907755 ,2.284421
Q8E10,E,10,2.525729,3.38439 ,3.74242 , 2.424803 , 1.504077  ,1.829562,-6.907755,-0.1458103  ,1.974081,-1.827569   ,3.59683 ,2.006493, 0.3556694 ,6.040494,2.202237,3.030304,3.483171,-2.65926  ,-0.3566749 ,-0.04082199 , 0.09531018,1.163151 ,3.254243,3.459466,-3.772261,-1.347074 ,0.5306283,3.272985,-0.3856625  ,3.282038,-2.302585   ,-6.907755 ,2.611539
Q8E11,E,11,2.587764,3.273364,3.676301, 2.388763 , 2.292535  ,1.980099,-6.907755,-0.06655262 ,1.94591 ,-1.70878    ,3.583966,2.08546 , 0.4822522 ,6.894591,2.347824,3.15017 ,3.541163,-2.813411 , 0         , 0.8020016  ,-0.3566749 ,0.6418539,3.871201,3.034953,-3.244194,-1.832582 ,0.7178398,3.39652 ,-0.2484614  ,3.470412,-1.427116   ,-6.907755 ,2.551006
Q8E12,E,12,2.61007 ,3.493473,3.688879, 2.104134 , 1.667707  ,2.158787,-6.907755, 0.4191343  ,1.987874,-1.462651   ,3.636685,2.098889, 0.3506143 ,6.266606,2.226228,3.061026,3.693401,-2.407946 ,-0.1053605 , 0.2546422  , 1.193922  ,0.6418539,3.839452,3.65584 ,-3.688879,-2.302585 ,0.8109302,3.198265,-0.1053605  ,3.028683,-1.966113   ,-6.907755 ,2.903069
Q8E13,E,13,2.667228,3.397858,3.718438, 2.302585 , 1.504077  ,2.125296,-6.907755, 0.02884337 ,2.00148 ,-1.762916   ,3.756189,2.485579, 0.5800203 ,6.191126,2.406936,3.334077,3.572924,-2.65926  , 0         ,-0.1863296  ,-0.2231436 ,1.568616 ,3.397858,3.535145,-3.688879,-3.218876 ,0.9895412,3.227241,-0.2357223  ,3.573749,-1.832581   ,-6.907755 ,2.651127
Q8E14,E,14,3.039749,3.269569,3.471966, 2.525729 , 2.091864  ,2.272824,-6.907755,-0.1397619  ,1.902108,-1.298272   ,3.795251,1.83561 , 0.6208265 ,5.413738,2.381305,3.120122,3.457869,-2.995732 ,-0.6931472 , 0.4382549  ,-0.9162907 ,1.547562 ,2.70805 ,3.468856,-3.036554,-1.89712  ,0.3784364,3.476614,-0.2613648  ,3.455686,-1.560648   ,-0.4462871,2.646175
Q8E15,E,15,2.549445,3.010621,3.072693, 2.572612 , 3.471966  ,1.863323,-6.907755,-0.5206081  ,1.629241,-1.890095   ,3.265121,1.59626 , 0.1640284 ,6.266606,2.193076,2.997744,3.257399,-2.525729 ,-0.3566749 , 0.662688   ,-0.1053605 ,4.166665 ,2.85647 ,6.528981,-2.333044,-2.407946 ,1.029619 ,3.419365,-0.3147107  ,4.186772,-0.6348783  ,-6.907755 ,2.801541
Q8F1,F, 1,2.980619,3.391147,3.804438, 1.62924  ,-0.5108256 ,2.448727,-6.907755, 0.1012913  ,2.091864,-0.9791386  ,3.890473,2.709741, 0.7898408 ,6.612259,3.073821,3.668366,4.215319,-2.120264 , 0.4054651 , 0.65752    , 0.6931472 ,0.8329091,4.280824,3.126761,-2.97593 ,-1.832582 ,0.7178398,3.456317,-0.09431068 ,3.449035,-1.386294   ,-6.907755 ,2.645465
Q8F2,F, 2,3.113515,3.360375,3.788725, 1.435084 ,-1.203973  ,2.527763,-6.907755,-0.002038737,2.128232,-1.32891    ,4.047081,2.902965, 0.910162  ,6.493597,3.233032,3.053117,4.102458,-2.525729 , 0.8754687 , 0.2776317  , 0.09531018,0.4700036,4.508659,3.109061,-3.912023,-3.218876 ,0.4946962,2.980619,-0.5108256  ,3.11795 ,-2.302585   ,-6.907755 ,2.319442
Q8F3,F, 3,2.928524,3.292126,3.881564, 1.722767 ,-1.203973  ,2.358952,-6.907755,-0.04472924 ,1.902108,-1.122288   ,3.958728,2.634542, 0.7732681 ,6.357505,3.080537,3.071147,4.160281,-1.89712  , 0.5306282 , 0.463734   , 1.064711  ,2.667228 ,3.356897,5.250177,-2.995732,-2.407946 ,0.8372475,3.258865,-0.2613648  ,3.441059,-1.347074   ,-6.907755 ,2.807594
Q8F4,F, 4,3.100092,3.238678,3.817712, 1.824549 ,-0.5108256 ,2.511369,-6.907755, 0.06695414 ,2.104134,-1.003487   ,4.021854,2.839543, 0.9060552 ,6.460704,3.200376,3.072165,4.180167,-2.120264 , 0.6931472 , 0.1906204  , 0.6418539 ,0.7884574,4.567468,3.265759,-3.540459,-2.407946 ,0.6151856,3.264232,-0.2357223  ,3.364188,-2.407946   ,-6.907755 ,2.612273
Q8F5,F, 5,3.139833,3.190476,3.867026, 1.526056 ,-1.609438  ,2.503071,-6.907755,-0.1096694  ,2.014903,-1.060646   ,4.039938,2.790753, 0.950328  ,6.353218,3.291528,3.008884,4.145298,-2.207275 , 0.5877867 , 0.3220835  , 0.09531018,1.547562 ,3.591818,3.569533,-3.244194,-2.525729 ,0.4946962,3.082827,-0.5447272  ,3.05164 ,-2.302585   ,-6.907755 ,2.207175
Q8F6,F, 6,3.122365,3.258097,3.802208, 1.757858 ,-0.3566749 ,2.52266 ,-6.907755, 0.1345523  ,2.066863,-0.7553052  ,4.024914,2.830626, 0.9612309 ,6.460574,3.286983,3.255973,4.315784,-1.966113 , 0.6931472 , 1.141033   , 1.974081  ,1.131402 ,4.248495,3.708682,-3.170086,-2.040221 ,0.9820785,3.417399,-0.1278334  ,3.451574,-1.386294   ,-3.912023 ,2.833801
Q8F7,F, 7,2.76001 ,3.353407,3.897924, 1.774952 ,-0.9162907 ,2.128328,-6.907755,-0.09328793 ,2.104134,-0.9821797  ,3.812046,2.720123, 0.6433444 ,6.558858,2.896873,3.42322 ,4.015763,-2.040221 , 0.7884574 , 0.9242589  , 0.9555114 ,0.9555114,4.695925,3.169686,-3.270169,-1.832582 ,1.071584 ,3.618725,-0.08338161 ,3.395179,-2.120264   ,-6.907755 ,2.917771
Q8F8,F, 8,2.99072 ,3.303217,3.835142, 1.722767 , 0         ,2.505109,-6.907755, 0.3778772  ,2.00148 ,-0.8713954  ,3.96566 ,2.780213, 0.8177099 ,6.393522,3.124789,3.476519,4.140865,-1.89712  , 0.7884574 , 2.410542   , 0.9932518 ,1.481604 ,4.023564,3.681351,-2.780621,-2.120264 ,0.8020016,3.192121,-0.3011051  ,3.359333,-1.514128   , 0.3148107,2.6483  
Q8F11,F,11,2.949688,3.269569,3.835142, 1.960095 , 0.1823216 ,2.375968,-6.907755, 0.1721174  ,2.116256,-0.4156693  ,3.906934,2.812395, 0.7712356 ,6.713382,3.106156,3.499426,4.191038,-1.832582 , 0.7884574 , 1.111858   , 1.064711  ,1.335001 ,4.668145,3.349904,-3.101093,-2.040221 ,1.026042 ,3.431403,-0.210721   ,3.457893,-1.469676   ,-2.525729 ,2.899772
Q8F12,F,12,2.917771,3.261935,3.735286, 2.230014 , 1.435085  ,2.356919,-6.907755, 0.005063302,2.128232,-0.8523869  ,3.948898,3.035539, 0.7082608 ,6.412043,3.020796,3.163567,4.155069,-1.89712  , 1.252763  , 0.6881346  , 1.131402  ,1.252763 ,5.060694,3.397858,-3.506558,-1.560648 ,0.9400073,3.305054,-0.1625189  ,3.440098,-1.660731   ,-6.907755 ,2.802148
Q8F13,F,13,3.194583,3.306887,3.751854, 1.686399 ,-1.203973  ,2.563848,-6.907755,-0.061136   ,2.091864,-1.086417   ,4.087848,2.756613, 1.000572  ,6.420841,3.291815,3.052379,4.204296,-2.302585 , 0.1823216 , 0.4574248  , 0.2623643 ,0.5306283,3.908015,3.292126,-3.015935,-0.2231436,0.4252677,3.317816,-0.5798185  ,3.093313,-0.2744368  ,-6.907755 ,2.405142
Q8F14,F,14,3.218876,3.238678,3.770459, 1.667707 ,-0.2231436 ,2.625958,-6.907755, 0.04307125 ,2.116256,-1.116166   ,4.057509,2.838677, 0.9978283 ,6.408463,3.26976 ,3.04856 ,4.19303 ,-2.302585 , 0.5306282 , 0.3435897  , 0.4054651 ,0.8754687,4.449685,3.299534,-3.015935,-1.272966 ,0.9516579,3.693369,-0.05129329 ,3.417727,-1.560648   ,-2.813411 ,2.964757
Q8H1,H, 1,3.374169,3.520461,2.128232, 1.360977 , 3.206803  ,1.539142, 6.722631, 0.5437135  ,2.128232,-0.8078953  ,2.593302,1.869383,-0.7208839 ,5.968923,1.930008,2.694107,3.556939,-2.407946 ,-0.3566749 , 0.4700036  , 0.8329091 ,0.7419373,4.528289,3.377588,-2.780621,-1.07881  ,0.7884574,3.293241,-0.2613648  ,3.137232,-1.347074   ,-6.907755 ,3.054473
Q8H2,H, 2,3.627004,3.566712,2.415914, 1.458615 , 2.442347  ,1.938772, 6.599872, 0.4487736  ,2.128232,-0.3343997  ,2.991574,1.877214,-0.1025981 ,6.296245,2.731291,2.661333,3.790863,-1.966113 ,-0.6931472 , 0.1739533  , 0.6418539 ,0.6931472,3.848018,3.054001,-2.551046,-1.07881  ,0.9122827,3.085116,-0.1984509  ,3.261169,-1.237874   ,-6.907755 ,3.1394  
Q8H3,H, 3,3.465736,3.505557,2.451005, 1.84055  , 2.821379  ,2.084009, 6.622738, 0.725182   ,2.116256,-0.527581   ,2.770807,2.329682,-0.3833314 ,6.582411,2.378   ,3.085199,4.188452,-1.89712  , 0.6931472 , 0.3074847  , 0.9162907 ,0.9162907,5.072044,2.949688,-3.270169,-2.407946 ,1.004302 ,3.363842,-0.2613648  ,3.338967,-2.302585   ,-6.907755 ,2.87976 
Q8H4,H, 4,3.459466,3.505557,2.595255, 1.62924  , 2.797281  ,2.210344, 6.448891, 0.5189889  ,2.140066,-0.4700036  ,3.432135,1.911362, 0.214913  ,6.581071,2.698441,3.780831,4.97447 ,-2.040221 ,-0.5108256 , 0.1570037  , 0.6418539 ,0.7419373,4.082609,2.827314,-3.411248,-0.7985077,0.4446858,3.342508,-0.1508229  ,3.354455,-1.427116   ,-6.907755 ,2.847812
Q8H5,H, 5,3.478158,3.288402,2.00148 , 1.589235 , 3.349904  ,1.967134, 6.692085, 0.8410035  ,2.128232,-0.2019199  ,2.53892 ,2.382078,-0.6327028 ,6.034939,2.009098,2.667398,3.917117,-2.040221 , 0.6931472 ,-0.08338161 , 0.5306282 ,0.4700036,5.124559,3.100092,-3.296837,-1.560648 ,0.5988365,3.194583,-0.2484614  ,3.032546,-1.347074   ,-6.907755 ,2.36556 
Q8H6,H, 6,3.511545,3.575151,1.791759, 1.435084 , 3.025291  ,1.601308, 6.734593, 0.5427008  ,2.128232,-0.3446024  ,2.5693  ,1.641313,-0.8318975 ,5.933651,1.91418 ,2.363448,3.38966 ,-1.966113 ,-0.3566749 , 0.2151114  , 0.7884574 ,1.163151 ,4.550714,3.113515,-2.796881,-1.966113 ,1.193922 ,3.017004,-0.1743534  ,3.111736,-1.609438   ,-3.506558 ,3.052585
Q8H7,H, 7,3.487375,3.310543,2.219203, 1.667707 , 3.234749  ,1.828491, 6.675824, 0.6245187  ,2.140066,-0.7563261  ,2.70805 ,2.112067,-0.5419162 ,6.296846,2.160269,2.701224,3.822411,-2.302585 , 0.4700036 ,-0.03045921 , 0.9555114 ,0.3364722,4.787492,2.884801,-3.688879,-2.995732 ,0.7275486,3.063391,-0.2357223  ,3.351657,-1.714798   ,-6.907755 ,2.675527
Q8H8,H, 8,3.487375,3.671225,2.197225, 1.504077 , 2.674149  ,1.561661, 6.685862, 0.2292103  ,2.140066,-0.8068816  ,2.571326,2.001973,-0.4479365 ,6.068538,2.20015 ,2.586711,3.730107,-2.407946 , 0.2623643 , 0.2231436  , 1.335001  ,0.4700036,4.644391,3.529297,-3.381395,-1.660731 ,1.029619 ,3.293612,-0.09431068 ,3.382015,-1.714798   ,-6.907755 ,3.195402
Q8H9,H, 9,3.514526,3.356897,2.140066, 1.481604 , 3.210844  ,1.961024, 6.620074, 0.7852219  ,2.128232,-0.06826797 ,2.911026,2.189865,-0.1127197 ,6.379864,2.431027,2.742966,3.854566,-1.609438 , 0.4054651 , 0.009950331, 0.7884574 ,1.098612 ,4.795791,2.890372,-2.253795,-0.6733446,1.539015 ,3.287282,-0.2484614  ,3.346037,-0.4780358  ,-1.309333 ,2.813611
Q8H10,H,10,3.549617,3.561046,2.00148 , 1.163151 , 2.965273  ,1.805858, 6.65028 , 0.6870434  ,2.128232,-0.4014165  ,2.667341,1.94562 ,-0.7198702 ,6.216634,2.09354 ,2.81138 ,3.592047,-2.120264 , 0         ,-0.1743534  , 0.8329091 ,0.8754687,4.670958,2.809403,-2.375156,-1.171183 ,1.609438 ,3.172203,-0.2744368  ,3.148882,-1.021651   ,-1.139434 ,2.943386
Q8H11,H,11,3.520461,3.538057,2.406945, 1.568616 , 2.766319  ,2.06725 , 6.665685, 0.7701863  ,2.128232,-0.7686341  ,2.740194,1.775113,-0.527472  ,5.895891,1.908644,2.740194,3.915179,-2.207275 ,-0.3566749 , 0.2546422  , 0.5877867 ,0.4054651,4.043051,2.95491 ,-2.577022,-1.139434 ,1.611436 ,3.094672,-0.1863296  ,3.09603 ,-1.139434   ,-0.7985077,2.938103
Q8H12,H,12,3.449988,3.397858,2.451005, 1.609438 , 3.091042  ,2.407946, 6.549652, 1.032701   ,2.128232,-0.3282755  ,2.935301,2.095262,-0.1459539 ,6.252958,2.279691,2.929821,3.918177,-1.89712  , 0         , 0.2926696  , 0.7419373 ,0.8329091,4.490881,2.895912,-2.631089,-2.120264 ,1.528228 ,3.266522,-0.1863296  ,3.226844,-1.714798   ,-1.07881  ,2.702032
Q8H13,H,13,3.572346,3.529297,2.312535, 1.526056 , 2.747271  ,2.016594, 6.663134, 0.8566808  ,2.128232,-0.5827234  ,2.696135,1.562676,-0.6010725 ,5.950008,2.131369,2.610368,3.375489,-2.302585 ,-0.3566749 , 0.5306283  , 0.8329091 ,0.8754687,4.41401 ,3.206803,-3.244194,-1.660731 ,1.504077 ,3.13201 ,-0.1863296  ,2.910719,-1.427116   ,-1.203973 ,2.934389
Q8J2,J, 2,4.082609,2.572612,2.151762, 1.308333 , 2.727853  ,3.408672, 4.382039, 1.051429   ,2.104134,-0.2050868  ,4.52718 ,3.034623, 1.232501  ,6.092798,3.775578,3.577906,4.563589,-0.6931472,-0.2231436 , 0.7080358  ,-0.2231436 ,1.824549 ,3.496508,2.867899,-2.407946,-1.469676 ,1.954445 ,3.454422,-0.2876821  ,3.159975,-0.967584   ,-0.9162907,2.646175
Q8J4,J, 4,3.720862,2.970414,2.549445, 1.757858 , 3.025291  ,3.075131, 3.496538, 0.7025174  ,2.104134,-0.07153645 ,4.073914,2.705257, 1.071039  ,6.965669,3.46926 ,3.547547,4.293493,-1.139434 , 0         , 0.6523252  , 0.09531018,1.458615 ,3.563883,3.08191 ,-2.189256,-2.207275 ,1.211941 ,3.512441,-0.3424903  ,3.599502,-1.309333   ,-2.813411 ,2.598979
Q8J5,J, 5,3.751854,3.126761,2.815409, 1.458615 , 2.61007   ,3.071998, 4.634739, 0.8303216  ,2.116256,-0.3291995  ,4.157644,2.839146, 1.053465  ,6.615544,3.495021,3.579921,4.38437 ,-1.427116 , 0.3364722 , 0.7701082  , 0.1823216 ,1.252763 ,3.881564,2.766319,-2.488915,-2.525729 ,1.89612  ,3.344274,-0.1863296  ,3.510948,-1.386294   ,-0.7339692,2.818995
Q8J6,J, 6,3.76584 ,3.254243,2.442347, 1.064711 , 2.80336   ,3.13604 , 5.662964, 1.18283    ,2.104134, 0.3301763  ,4.114024,2.805007, 1.023323  ,6.687484,3.449523,3.415736,4.682635,-0.7765288, 0.1823216 , 0.6471032  , 0.5877867 ,1.84055  ,3.953165,2.747271,-2.322788,-2.302585 ,1.576915 ,3.32791 ,-0.2613648  ,3.37827 ,-1.771957   ,-1.108663 ,2.680336
Q8J7,J, 7,3.71113 ,2.933857,2.727853, 1.824549 , 2.933857  ,3.00799 , 2.890427, 0.6262077  ,2.104134,-0.517356   ,4.073925,2.607588, 1.016912  ,6.680234,3.458127,3.461358,4.487516,-1.660731 , 0.09531018, 0.4700036  ,-0.1053605 ,1.064711 ,3.597312,2.753661,-2.198225,-1.771957 ,1.865629 ,3.563033,-0.2613648  ,3.716738,-1.049822   ,-0.6539265,2.619583
Q8J8,J, 8,3.897924,3.206803,2.80336 , 1.410987 , 1.686399  ,3.23652 , 3.688904, 0.9131444  ,2.104134,-0.02652675 ,4.271417,2.806054, 1.230834  ,6.846214,3.572404,3.480031,4.791845,-1.237874 , 0.1823216 , 0.5709795  , 0.8754687 ,1.458615 ,3.841601,3.030134,-2.748872,-1.771957 ,1.492904 ,3.420673,-0.01005034 ,3.529591,-1.660731   ,-1.660731 ,2.766319
Q8J9,J, 9,4.000034,3.273364,2.595255, 0.9555114, 1.098612  ,3.35554 , 3.258135, 0.8908656  ,2.116256,-0.006295928,4.513202,2.766293, 1.306295  ,6.773626,3.661306,3.53847 ,4.803747,-1.386294 , 0         , 0.5364934  , 0         ,1.163151 ,3.453157,2.74084 ,-2.441847,-2.813411 ,0.6097656,3.150597,-0.5798185  ,3.248046,-1.660731   ,-2.65926  ,1.943049
Q8J10,J,10,3.869116,3.104587,2.850707, 1.667707 , 1.974081  ,3.175275, 3.989003, 0.9640398  ,2.104134,-0.1959415  ,4.306677,2.678838, 1.236729  ,6.554494,3.492938,3.460781,4.437927,-1.347074 , 0.09531018, 0.6418539  , 0.09531018,1.280934 ,3.937691,2.923162,-2.501036,-2.525729 ,0.8372475,3.409827,-0.3011051  ,3.554205,-1.514128   ,-3.912023 ,2.417698
Q8J11,J,11,3.858622,3.173878,3.072693, 1.435084 , 1.064711  ,3.201102, 1.098946, 0.666899   ,2.054124,-0.3798883  ,4.328823,2.660296, 1.186199  ,6.77378 ,3.559042,3.446775,4.522014,-1.514128 , 0         , 0.3987761  ,-0.3566749 ,1.504077 ,3.468856,2.960105,-2.302585,-3.506558 ,0.9477894,3.454738,-0.3424903  ,3.652475,-1.832581   ,-3.506558 ,2.368373
Q8J12,J,12,4.034241,3.148453,2.186051, 0.5306283, 2.261763  ,3.339218, 4.905282, 1.228819   ,2.091864,-0.1636294  ,4.385689,2.741719, 1.344555  ,6.416993,3.682043,3.549641,4.678904,-1.237874 , 0         , 0.8501509  , 0.1823216 ,1.335001 ,3.85651 ,2.70805 ,-3.324236,-2.040221 ,0.8878913,3.490429,-0.1984509  ,3.516904,-1.660731   ,-6.907755 ,2.576422
Q8K2,K, 2,3.768153,3.173878,2.653242, 2.580217 , 1.686399  ,3.106348, 5.318125, 1.264287   ,2.091864,-0.3043285  ,4.022638,3.238699, 1.045598  ,6.181397,3.152439,4.048711,4.462718,-1.347074 , 1.098612  , 1.971299   , 1.335001  ,0.9932518,4.479607,2.939162,-3.057608,-2.040221 ,1.199965 ,3.170945,-0.2613648  ,3.225653,-1.347074   ,-6.907755 ,2.781301
Q8K3,K, 3,3.648057,3.292126,2.714695, 2.557227 , 1.902108  ,3.05068 , 5.501262, 1.350624   ,2.091864,-0.0942647  ,3.988519,2.984159, 0.9204661 ,6.099437,3.015412,3.577223,4.971526,-1.108663 , 0.5877867 , 1.153732   , 2.867899  ,1.223775 ,4.424847,3.7612  ,-3.411248,-2.813411 ,0.8754687,3.108168,-0.3011051  ,3.03351 ,-2.207275   ,-6.907755 ,3.127637
Q8K4,K, 4,3.526361,2.960105,3.206803, 2.923162 , 1.223775  ,2.853111, 2.079566, 0.3378065  ,2.091864,-1.01212    ,4.017384,2.758997, 1.060153  ,6.663094,3.307271,3.490859,4.345813,-2.120264 , 0.3364722 , 0.2926696  , 0.09531018,0.6418539,3.558201,2.778819,-3.473768, 0.1222176,1.054312 ,3.506758,-0.2876821  ,3.463859, 0.3576744  ,-6.907755 ,2.760643
Q8K5,K, 5,3.897924,3.321432,2.687847, 1.974081 , 0.09531018,2.814459, 5.176155, 0.518144   ,2.116256,-0.6450068  ,4.219446,2.472943, 1.140064  ,6.438381,3.411982,3.373176,4.306586,-2.040221 ,-0.5108256 , 0.48858    , 0         ,0.5877867,3.131137,2.631889,-3.442019,-3.912023 ,0.9593502,3.138966,-0.2357223  ,3.479392,-2.525729   ,-6.907755 ,2.607124
Q8K6,K, 6,3.962716,3.113515,2.879198, 1.504077 , 0.9555114 ,3.259826, 4.204708, 1.116669   ,2.104134,-0.3614328  ,4.372063,2.784045, 1.191028  ,6.204915,3.463858,4.041527,4.684471,-1.560648 , 0         , 1.684545   ,-0.1053605 ,0.8754687,3.839452,2.895912,-3.244194,-2.302585 ,1.05779  ,2.900872,-0.4004776  ,3.131573,-2.040221   ,-6.907755 ,2.497329
Q8K7,K, 7,3.822098,2.85647 ,2.985682, 2.74084  , 0.4700036 ,3.210365, 3.688904, 1.090814   ,2.091864,-0.5044898  ,4.20235 ,2.785482, 1.12234   ,6.332391,3.311872,3.513946,4.269757,-1.660731 , 0.1823216 , 0.8285518  , 0.1823216 ,0.7419373,4.143135,3.321432,-3.270169,-3.912023 ,1.015231 ,3.104138,-0.2357223  ,3.375538,-1.171183   ,-6.907755 ,2.622492
Q8K8,K, 8,3.549617,3.277145,3.182212, 2.174752 , 1.757858  ,2.901468, 5.451043, 0.9328886  ,2.104134,-0.08283601 ,3.833722,3.439506, 0.9732167 ,6.255597,3.05068 ,3.91828 ,5.41517 ,-1.347074 , 1.435085  , 1.553925   , 1.568616  ,0.8754687,4.766438,3.471966,-3.123566,-4.60517  ,1.60543  ,3.112626,-0.2231436  ,3.433987,-1.609438   ,-2.120264 ,3.004692
Q8K9,K, 9,3.7281  ,3.214868,2.912351, 2.230014 , 1.757858  ,3.11    , 5.187391, 1.208174   ,2.091864,-0.07654008 ,4.073067,3.011398, 1.055595  ,6.259883,3.274161,3.58935 ,4.453123,-1.237874 , 0.7419373 , 0.7929925  , 0.5877867 ,1.029619 ,4.713127,3.165475,-3.146555,-2.302585 ,1.4884   ,3.152309,-0.3011051  ,3.256172,-2.120264   ,-1.427116 ,2.518503
Q8K11,K,11,3.754199,3.468856,2.541602, 1.193922 , 2.219203  ,2.71393 , 5.963582, 0.9235484  ,2.104134,-0.1345725  ,3.92546 ,2.437676, 0.8856491 ,6.230096,3.069915,3.417368,4.43423 ,-1.469676 ,-0.2231436 , 0.6981347  , 0.5306282 ,1.029619 ,3.990834,2.895912,-3.194183,-4.60517  ,0.5988365,3.063391,-0.2876821  ,3.29287 ,-1.609438   ,-6.907755 ,2.557227
Q8K12,K,12,3.819908,3.377588,2.60269 , 1.916923 , 1.568616  ,3.214647, 5.204012, 1.345384   ,2.091864,-0.008474627,4.188567,2.529939, 1.079442  ,6.339399,3.338064,3.576816,4.403679,-1.237874 ,-0.3566749 , 0.9439059  , 0.7419373 ,0.9555114,3.747148,3.261935,-3.218876,-1.139434 ,1.241269 ,3.118392,-0.210721   ,3.095125,-1.272966   ,-1.966113 ,2.758109
Q8K13,K,13,3.637586,3.317816,2.624669, 2.442347 , 2.208274  ,3.091614, 5.723588, 1.28836    ,2.104134,-0.2405905  ,3.936869,2.619704, 0.8032136 ,6.142916,2.903562,3.546625,4.509545,-1.272966 , 0         , 1.160021   , 0.9932518 ,0.9932518,4.018183,3.086487,-4.135167,-0.3011051,1.61343  ,3.151881,-0.1984509  ,2.81241 ,-0.2876821  ,-1.714798 ,2.949688
Q8K14,K,14,3.770459,3.377588,2.646175, 1.410987 , 2.208274  ,3.212486, 5.497172, 1.301019   ,2.104134,-0.04561051 ,4.115007,2.609195, 1.053002  ,6.629231,3.402612,3.629283,4.492945,-1.386294 ,-0.3566749 , 0.7608058  , 0.4700036 ,0.8754687,4.063885,3.144152,-3.123566,-1.108663 ,1.378766 ,3.271089,-0.1392621  ,3.483392,-1.139434   ,-1.966113 ,2.719979
Q8K15,K,15,3.686376,3.374169,2.61007 , 1.62924  , 2.501436  ,3.076178, 5.852205, 1.3678     ,2.104134, 0.1858059  ,4.029457,2.720193, 0.9623347 ,6.467666,3.330708,3.447241,4.921241,-1.07881  , 0         , 0.65752    , 1.064711  ,1.589235 ,4.130355,3.265759,-3.218876,-2.525729 ,1.418277 ,3.215269,-0.1278334  ,3.353057,-1.966113   ,-1.89712  ,2.691921
